1268322
1268327
1262657
1252105
1247043
1170110
1143525
354629
352572
350595
350596
343413
342452
340846
340196
339005
331881
330222
327068
327130
322685
313199
313200
299524
296290
296327
294591
276450
273012
262978
263014
262613
262077
261573
257585
255805
251643
250791
250982
249483
248892
248907
248479
246381
246371
246380
242156
242265
241601
239755
238255
235878
229533
220375
220400
220403
215185
215191
215196
210238
210240
208142
205331
205346
204422
204474
204494
202059
200122
196049
194136
187716
181053
179462
179479
177144
175291
175400
167881
167883
167200
166059
165287
163556
159161
153446
152109
150591
150594
146150
135712
130112
128014
124918
123470
123519
121827
119037
117843
117482
114899
103403
103404
103071
100397
100640
100116
95636
95259
81340
81342
80972
81017
79005
77395
77141
75370
73507
73288
73314
73319
73322
73339
72086
70767
70506
70527
69460
67859
67911
67947
66469
65349
64426
64432
64433
62136
61890
61213
61052
60644
59600
58156
58158
57245
56697
56698
56126
54407
54408
52987
52790
52796
52797
52800
52801
52079
51223
46633
46637
44839
44872
41804
39743
39210
38945
38946
38947
38948
38629
37711
37694
36949
37069
37075
33886
33887
33888
31133
28830
28220
27813
27269
24607
23607
22721
20714
5504
5515
5389